1000 200
243249336
390824374
329631439
325205932
223216992
89882
993307930
927930215
3117724
328423334
323899635
31048734
218830430
381335899
390341024
373220021
920840802
429982805
490983523
998320102
729524918
542798221
935284008
120509901
923322125
992301114
372913891
335370499
225219934
29011099
733124845
291778704
122193342
207500389
310122020
8087391
223337332
720417030
110724231
229824989
392430237
519900893
842472029
91802629
325908240
385241391
921033701
291775240
672392388
1614702
931343219
23900852
537272472
129782434
44824372
242279209
361412088
370225700
540042922
233749899
273090114
180080320
990771024
223109230
120122792
353940210
209831320
37920121
420012100
597310299
507393324
767927204
372128999
283941439
224524882
270493208
723120370
12422922
920123006
790439331
844223329
914797090
453486081
802322092
520480942
904421928
931300373
330810030
452419944
308923938
424383112
204361441
993005346
201724511
399418938
338229814
239038732
102121049
295269234
901302039
18193403
313226006
233204850
736319933
207989077
32098413
893214221
652369341
58220392
14599010
24021045
221408132
27039212
508092040
206010717
439291523
902730422
206399940
277219723
123046343
819288231
123201093
833001493
503322730
291796173
2121096
298892003
338131933
903298230
618621273
201182814
400089772
409209239
294985094
914032157
382973358
830114301
119130348
318121679
308203122
911390008
148934038
34252029
125298103
94024370
298240222
339001099
204849904
47453103
299020201
740304329
292227702
929223893
286444030
270108230
233004208
901019233
48326583
428000581
158913072
204948932
832030229
963019390
823522472
144193827
302542302
48487043
389490332
792273083
934171919
429313832
321922102
30125157
199094271
340123911
195281341
331933042
47205322
212291284
109120991
223200014
22998191
983992232
978957703
342323185
144099423
801271638
712905940
232022039
739092510
912381835
204933741
622927333
913730752
824206423
353254942
139253427
202920021
921048682
594200113
39094002
489931951
59373221
970231413
405208189
993071794
42790384
291410543
439022630
838714643
92794
339400980
721070282
822990624
98833
222923901
791214039
391958803
702012100
321203492
944293800
724302388
940601708
363449900
209306090
922315273
189998098
422029844
809384191
441331223
212230211
443417326
329229597
740375359
139000222
743231735
313099753
831302079
974824302
228291820
309222281
9779758
830081053
229912243
329037494
932103599
184224519
229449050
24040034
619993059
223409950
93149129
830892324
835112230
809342732
122324153
819812802
714342008
900109211
897919040
394944009
145909204
101933952
7954919
302258093
797703882
92389119
309274224
39792219
991443293
520999099
254833318
449990392
711994830
312243282
995191329
492246409
420342402
232324380
301733092
91202312
430881298
507313248
429092811
503222970
924900957
7022704
33214174
297020073
933172902
801142344
211212283
33622146
119841431
823802914
758133039
31920222
584168380
190192421
33884998
280320050
3866279
318253329
213020130
270908202
296471851
14221991
803390524
436219213
431120400
322320292
43244079
820925242
193204047
481423290
280173019
329312220
792802400
32412010
147302582
202331492
803394191
840030329
121120281
780241339
322258199
524418390
712992282
499028032
201501160
917214009
933400910
308912219
803320902
19232403
243931073
936309884
30027233
229409012
700929932
397089938
930843499
989124292
131143809
387931191
90723151
420547818
40802251
713966222
880973283
570292039
993993223
4027878
957828309
915299420
229402983
963999914
920097383
89924020
13233360
18597264
239491936
312701103
79920338
998089210
831829768
880323271
90324918
244980070
729523094
294120293
832212402
82152370
432931338
794013912
819723689
304803627
149810455
348399094
847320224
127451923
729891520
432408170
230869223
214198913
289110113
133792012
570152397
924791129
720949013
20920442
202243778
980320112
322232323
900534534
935308588
11908993
521318480
121410134
431813908
123224293
799331201
172971349
402802330
34599955
930320180
2209234
83932901
21086100
22939492
953109227
283228191
730013932
338924072
423730339
33002118
699070219
279019542
301016489
813712400
608942207
804247824
227821009
928403722
523807891
435910491
375540298
317472029
282271043
332082027
824133901
541974701
133222032
922322024
193942090
599720339
440400211
321029993
746059688
39600008
804977025
859389331
38340748
920951398
925102310
31782432
38320170
996320159
833282440
241233069
913790220
973017224
224338380
120382744
306118028
902919006
318130282
352300300
999124293
121890737
294307440
31900029
203429120
54229244
294920043
401930833
123503594
914983334
874972333
192232119
212632467
393219703
542117413
202491080
99222432
900590027
8490812
188501335
433827303
144802121
229240058
519742990
304823151
711424004
716411383
130643488
98234804
840817838
921040120
40005213
297794033
392020290
100510374
303230032
589132283
952883320
733424320
108797339
433351929
219110210
829352371
992091167
45828929
222303281
309203032
210011
94697323
803447122
234382465
91540425
730339500
821000072
310077077
185149822
129004740
22012100
933900152
20349004
204334953
418239328
182132252
723105353
319290798
370043014
181242811
401323622
321918807
91033743
13511801
392920996
312077221
103090140
199922183
200277902
493107044
119200629
223404214
30004780
830922099
194984510
612479232
92319638
243918924
933803509
930474711
312018134
322319242
443092402
931273320
44098304
39029543
291303210
123519520
449900291
113242533
342799310
219310003
390238447
850993138
324101213
108013922
147472331
133843137
981518828
347837238
243234309
720842454
822794413
614889370
39695095
907935904
933632432
972431933
982499732
209280929
880010939
252440418
310149971
414048173
238782218
19303420
943090022
275921351
409880901
208321833
219313903
71010442
31237070
21133242
839084029
320438340
923403152
208329043
261414233
20913017
137643831
313241790
572320880
925369969
222142344
671984492
232323993
339031933
923123049
92351198
231382234
223393201
943222042
231842490
891841009
732904292
82329059
112247681
725301382
979831784
135007395
98210039
273019232
632621517
224230010
351509993
285329925
301134343
752013711
409011024
242233122
134236911
99796178
32037393
691202294
231719342
192923117
801300201
303017549
399920853
10319024
100358201
639476313
193320895
322389139
392249791
220422333
100753030
225849720
302030803
12911499
320723850
171095323
855007929
23293931
691308211
21571532
220790082
734833488
929338032
239944410
2304302
852740304
30188231
239344432
489873280
909370893
678920210
241094411
369492926
224927350
732297264
411331230
269037072
92113822
222402119
77802389
31979893
39135432
722310391
424912002
221390005
23121783
232200882
233234280
338012500
702918442
212373602
432059293
391610302
28331148
40049329
32178179
292242004
29239020
849122570
293815784
30293912
202132022
2407029
301212118
34385140
863098032
49207114
791443920
320850322
13123007
384220242
903229024
345927242
800473923
409252152
300052333
383947218
300201119
199228992
409211431
140439512
194033291
220021523
922022989
322417923
707410580
181012922
162010932
470024383
820073230
1301839
205322190
980219909
919004
33412422
248994841
332099333
16229480
480200242
218439212
803090971
211314782
384479172
222923090
420390005
634027248
432782730
912513022
990148427
101923800
231379929
231203929
379912090
109297522
490087220
149233723
298903092
92997444
720045421
337819102
339370438
798732242
43504823
127133923
882729450
222232993
114302008
146092392
92913828
81893187
232822214
309130600
330992338
405193211
40299730
34922284
203006079
900030888
140508627
222293441
468342704
28021920
160833898
391037061
972933349
94905429
202087700
830403248
424031027
350209313
341110019
149148409
394057900
247821949
209829380
89200449
438249281
234490913
223390099
910235515
428909320
115242404
293402211
13031328
782091281
310082813
222837359
236098041
228243309
320299092
204240
60731544
322043927
233351800
892340657
171192148
290071598
792334974
276087791
94089921
300002119
131348155
924900012
233884336
301073592
202223874
31392030
521092242
958123501
329390007
931894449
779039004
102113300
413432131
134201713
321055997
223022189
212191150
377400142
106900583
49540048
634085389
990738753
20112292
124420493
400045913
199226941
823741192
98902614
31929391
39504124
329100929
823708120
36860309
377096229
59841340
93488472
290720894
212902002
242924228
274009901
203833209
318921415
472920919
291290317
440132900
372972133
723108333
872852094
107552396
103334460
191044194
229442412
808220411
937204779
480473962
642043081
919992141
314011998
708204318
486131003
980397041
203694242
805608659
134307941
409132011
211397082
380698222
212813398
489179090
82902794
298274941
530202880
334191830
835139443
993297392
330649443
198840838
938083102
187693093
432022224
303924908
2026029
890908147
720739009
82229391
182059432
138407201
842126230
922946905
301902160
904309974
463283333
324192029
319538423
919939849
906662485
232925321
964849300
230454652
277229381
907027287
892219914
911121437
322210560
203225338
29773898
900113152
20431098
320091294
430128784
941122049
500413300
98233908
335224254
4802004
780004093
529892250
420434835
713740227
209901333
131632393
32005734
914322019
807959352
318270234
203783493
210849494
122731491
52223103
207309203
100320321
23203218
302893202
803007372
712420024
503265329
224023199
109702020
993045445
102930089
142913298
342601181
194990121
94499000
835421820
442318303
101919310
271940940
981411230
589195938
389123089
439203602
134718191
802412330
253442023
101253220
724872272
93481011
2123139
37995032
112129389
91098
809197904
980135530
480339813
927173290
39273982
949599022
227342010
282033593
120222
602002270
7104113
218103283
3335413
783208273
282124440
20199222
288825030
243929811
833218993
341928362
394774914
291133340
38749905
157231499
920928979